----------- Loading graphs ------------
Failed to open: /home/cc/haibin2/livejournal/random_walk/10_self/dense/Q_1
----------- Loading graphs ------------
Failed to open: /home/cc/haibin2/livejournal/random_walk/10_self/dense/Q_2
----------- Loading graphs ------------
Failed to open: /home/cc/haibin2/livejournal/random_walk/10_self/dense/Q_3
----------- Loading graphs ------------
Failed to open: /home/cc/haibin2/livejournal/random_walk/10_self/dense/Q_4
----------- Loading graphs ------------
Failed to open: /home/cc/haibin2/livejournal/random_walk/10_self/dense/Q_5
----------- Loading graphs ------------
Failed to open: /home/cc/haibin2/livejournal/random_walk/10_self/dense/Q_6
----------- Loading graphs ------------
# vertices = 10
# edges = 22
# vertices = 3072627
# edges = 110153979
Load Graphs: 53959.7ms
------------ Preprocessing ------------
matching order: 
-vertex(backward neighbors)-
#0: 2-0(2)-1(0,2)-3(0,1,2)-5(0,1,2)-6(0,2,5)-9(1,2)-4(0,3,9)-8(1,2,9)-7(2,6)
#1: 1-0(1)-2(0,1)-3(0,1,2)-5(0,1,2)-6(0,2,5)-9(1,2)-4(0,3,9)-8(1,2,9)-7(2,6)
#2: 1-2(1)-0(1,2)-3(0,1,2)-5(0,1,2)-6(0,2,5)-9(1,2)-4(0,3,9)-8(1,2,9)-7(2,6)
#3: 3-0(3)-2(0,3)-1(0,2,3)-5(0,1,2)-6(0,2,5)-9(1,2)-4(0,3,9)-8(1,2,9)-7(2,6)
#4: 3-1(3)-2(1,3)-0(1,2,3)-5(0,1,2)-6(0,2,5)-9(1,2)-4(0,3,9)-8(1,2,9)-7(2,6)
#5: 3-2(3)-0(2,3)-1(0,2,3)-5(0,1,2)-6(0,2,5)-9(1,2)-4(0,3,9)-8(1,2,9)-7(2,6)
#6: 5-0(5)-2(0,5)-1(0,2,5)-3(0,1,2)-6(0,2,5)-9(1,2)-4(0,3,9)-8(1,2,9)-7(2,6)
#7: 5-1(5)-2(1,5)-0(1,2,5)-3(0,1,2)-6(0,2,5)-9(1,2)-4(0,3,9)-8(1,2,9)-7(2,6)
#8: 5-2(5)-0(2,5)-1(0,2,5)-3(0,1,2)-6(0,2,5)-9(1,2)-4(0,3,9)-8(1,2,9)-7(2,6)
#9: 6-0(6)-2(0,6)-5(0,2,6)-1(0,2,5)-3(0,1,2)-9(1,2)-4(0,3,9)-8(1,2,9)-7(2,6)
#10: 6-2(6)-0(2,6)-5(0,2,6)-1(0,2,5)-3(0,1,2)-9(1,2)-4(0,3,9)-8(1,2,9)-7(2,6)
#11: 6-5(6)-2(5,6)-0(2,5,6)-1(0,2,5)-3(0,1,2)-9(1,2)-4(0,3,9)-8(1,2,9)-7(2,6)
#12: 9-1(9)-2(1,9)-8(1,2,9)-0(1,2)-3(0,1,2)-5(0,1,2)-6(0,2,5)-4(0,3,9)-7(2,6)
#13: 9-2(9)-1(2,9)-8(1,2,9)-0(1,2)-3(0,1,2)-5(0,1,2)-6(0,2,5)-4(0,3,9)-7(2,6)
#14: 4-0(4)-3(0,4)-2(0,3)-1(0,2,3)-5(0,1,2)-6(0,2,5)-9(1,2,4)-8(1,2,9)-7(2,6)
#15: 4-3(4)-0(3,4)-2(0,3)-1(0,2,3)-5(0,1,2)-6(0,2,5)-9(1,2,4)-8(1,2,9)-7(2,6)
#16: 4-9(4)-2(9)-0(2,4)-1(0,2,9)-3(0,1,2,4)-5(0,1,2)-6(0,2,5)-8(1,2,9)-7(2,6)
#17: 8-1(8)-2(1,8)-9(1,2,8)-0(1,2)-3(0,1,2)-5(0,1,2)-6(0,2,5)-4(0,3,9)-7(2,6)
#18: 8-2(8)-1(2,8)-9(1,2,8)-0(1,2)-3(0,1,2)-5(0,1,2)-6(0,2,5)-4(0,3,9)-7(2,6)
#19: 8-9(8)-2(8,9)-1(2,8,9)-0(1,2)-3(0,1,2)-5(0,1,2)-6(0,2,5)-4(0,3,9)-7(2,6)
#20: 7-2(7)-6(2,7)-0(2,6)-5(0,2,6)-1(0,2,5)-3(0,1,2)-9(1,2)-4(0,3,9)-8(1,2,9)
#21: 7-6(7)-2(6,7)-0(2,6)-5(0,2,6)-1(0,2,5)-3(0,1,2)-9(1,2)-4(0,3,9)-8(1,2,9)

Preprocessing: 5.216ms
--------- Incremental Matching --------
auto_tuning off:0
use 32 threads for incresemental matching 
Incremental Matching: 2038.71ms
0 vertex updates.
7338348 edge updates.
0 unsafe updates.
0 positive matches.
0 negative matches.

# edges in index in total: 0
# vertices in index in total: 0
Peak Virtual Memory: 5517500 KB

----------------- End -----------------
----------- Loading graphs ------------
Failed to open: /home/cc/haibin2/livejournal/random_walk/10_self/dense/Q_8
----------- Loading graphs ------------
Failed to open: /home/cc/haibin2/livejournal/random_walk/10_self/dense/Q_9
----------- Loading graphs ------------
# vertices = 10
# edges = 15
# vertices = 3072627
# edges = 110153979
Load Graphs: 54262.9ms
------------ Preprocessing ------------
matching order: 
-vertex(backward neighbors)-
#0: 3-4(3)-5(3,4)-7(3,4)-6(4,7)-0(3,5)-2(3,5)-1(3)-8(6)-9(1,8)
#1: 5-3(5)-4(3,5)-7(3,4)-6(4,7)-0(3,5)-2(3,5)-1(3)-8(6)-9(1,8)
#2: 5-4(5)-3(4,5)-7(3,4)-6(4,7)-0(3,5)-2(3,5)-1(3)-8(6)-9(1,8)
#3: 7-3(7)-4(3,7)-5(3,4)-6(4,7)-0(3,5)-2(3,5)-1(3)-8(6)-9(1,8)
#4: 7-4(7)-3(4,7)-5(3,4)-6(4,7)-0(3,5)-2(3,5)-1(3)-8(6)-9(1,8)
#5: 6-4(6)-7(4,6)-3(4,7)-5(3,4)-0(3,5)-2(3,5)-1(3)-8(6)-9(1,8)
#6: 6-7(6)-4(6,7)-3(4,7)-5(3,4)-0(3,5)-2(3,5)-1(3)-8(6)-9(1,8)
#7: 0-3(0)-5(0,3)-4(3,5)-7(3,4)-6(4,7)-2(3,5)-1(3)-8(6)-9(1,8)
#8: 0-5(0)-3(0,5)-4(3,5)-7(3,4)-6(4,7)-2(3,5)-1(3)-8(6)-9(1,8)
#9: 2-3(2)-5(2,3)-4(3,5)-7(3,4)-6(4,7)-0(3,5)-1(3)-8(6)-9(1,8)
#10: 2-5(2)-3(2,5)-4(3,5)-7(3,4)-6(4,7)-0(3,5)-1(3)-8(6)-9(1,8)
#11: 1-3(1)-4(3)-5(3,4)-7(3,4)-6(4,7)-0(3,5)-2(3,5)-8(6)-9(1,8)
#12: 8-6(8)-4(6)-7(4,6)-3(4,7)-5(3,4)-0(3,5)-2(3,5)-1(3)-9(1,8)
#13: 9-1(9)-3(1)-4(3)-5(3,4)-7(3,4)-6(4,7)-0(3,5)-2(3,5)-8(6,9)
#14: 9-8(9)-6(8)-4(6)-7(4,6)-3(4,7)-5(3,4)-0(3,5)-1(3,9)-2(3,5)

Preprocessing: 5.184ms
--------- Incremental Matching --------
auto_tuning off:0
use 32 threads for incresemental matching 
Incremental Matching: 1485.49ms
0 vertex updates.
7338350 edge updates.
0 unsafe updates.
0 positive matches.
0 negative matches.

# edges in index in total: 0
# vertices in index in total: 0
Peak Virtual Memory: 5517536 KB

----------------- End -----------------
----------- Loading graphs ------------
Failed to open: /home/cc/haibin2/livejournal/random_walk/10_self/dense/Q_11
----------- Loading graphs ------------
Failed to open: /home/cc/haibin2/livejournal/random_walk/10_self/dense/Q_12
----------- Loading graphs ------------
Failed to open: /home/cc/haibin2/livejournal/random_walk/10_self/dense/Q_13
----------- Loading graphs ------------
# vertices = 10
# edges = 25
# vertices = 3072627
# edges = 110153979
Load Graphs: 52253ms
------------ Preprocessing ------------
matching order: 
-vertex(backward neighbors)-
#0: 0-7(0)-9(0,7)-5(0,7,9)-6(0,5,7,9)-4(0,5,6,7,9)-8(0,5,6,7,9)-2(0,7,9)-1(0)-3(1)
#1: 9-0(9)-7(0,9)-5(0,7,9)-6(0,5,7,9)-4(0,5,6,7,9)-8(0,5,6,7,9)-2(0,7,9)-1(0)-3(1)
#2: 9-7(9)-0(7,9)-5(0,7,9)-6(0,5,7,9)-4(0,5,6,7,9)-8(0,5,6,7,9)-2(0,7,9)-1(0)-3(1)
#3: 5-0(5)-7(0,5)-9(0,5,7)-6(0,5,7,9)-4(0,5,6,7,9)-8(0,5,6,7,9)-2(0,7,9)-1(0)-3(1)
#4: 5-7(5)-0(5,7)-9(0,5,7)-6(0,5,7,9)-4(0,5,6,7,9)-8(0,5,6,7,9)-2(0,7,9)-1(0)-3(1)
#5: 5-9(5)-0(5,9)-7(0,5,9)-6(0,5,7,9)-4(0,5,6,7,9)-8(0,5,6,7,9)-2(0,7,9)-1(0)-3(1)
#6: 6-0(6)-7(0,6)-9(0,6,7)-5(0,6,7,9)-4(0,5,6,7,9)-8(0,5,6,7,9)-2(0,7,9)-1(0)-3(1)
#7: 6-5(6)-0(5,6)-7(0,5,6)-9(0,5,6,7)-4(0,5,6,7,9)-8(0,5,6,7,9)-2(0,7,9)-1(0)-3(1)
#8: 6-7(6)-0(6,7)-9(0,6,7)-5(0,6,7,9)-4(0,5,6,7,9)-8(0,5,6,7,9)-2(0,7,9)-1(0)-3(1)
#9: 6-9(6)-0(6,9)-7(0,6,9)-5(0,6,7,9)-4(0,5,6,7,9)-8(0,5,6,7,9)-2(0,7,9)-1(0)-3(1)
#10: 4-0(4)-7(0,4)-9(0,4,7)-5(0,4,7,9)-6(0,4,5,7,9)-8(0,5,6,7,9)-2(0,7,9)-1(0)-3(1)
#11: 4-5(4)-0(4,5)-7(0,4,5)-9(0,4,5,7)-6(0,4,5,7,9)-8(0,5,6,7,9)-2(0,7,9)-1(0)-3(1)
#12: 4-6(4)-0(4,6)-7(0,4,6)-9(0,4,6,7)-5(0,4,6,7,9)-8(0,5,6,7,9)-2(0,7,9)-1(0)-3(1)
#13: 4-7(4)-0(4,7)-9(0,4,7)-5(0,4,7,9)-6(0,4,5,7,9)-8(0,5,6,7,9)-2(0,7,9)-1(0)-3(1)
#14: 4-9(4)-0(4,9)-7(0,4,9)-5(0,4,7,9)-6(0,4,5,7,9)-8(0,5,6,7,9)-2(0,7,9)-1(0)-3(1)
#15: 8-0(8)-7(0,8)-9(0,7,8)-5(0,7,8,9)-6(0,5,7,8,9)-4(0,5,6,7,9)-2(0,7,9)-1(0)-3(1)
#16: 8-5(8)-0(5,8)-7(0,5,8)-9(0,5,7,8)-6(0,5,7,8,9)-4(0,5,6,7,9)-2(0,7,9)-1(0)-3(1)
#17: 8-6(8)-0(6,8)-7(0,6,8)-9(0,6,7,8)-5(0,6,7,8,9)-4(0,5,6,7,9)-2(0,7,9)-1(0)-3(1)
#18: 8-7(8)-0(7,8)-9(0,7,8)-5(0,7,8,9)-6(0,5,7,8,9)-4(0,5,6,7,9)-2(0,7,9)-1(0)-3(1)
#19: 8-9(8)-0(8,9)-7(0,8,9)-5(0,7,8,9)-6(0,5,7,8,9)-4(0,5,6,7,9)-2(0,7,9)-1(0)-3(1)
#20: 2-0(2)-7(0,2)-9(0,2,7)-5(0,7,9)-6(0,5,7,9)-4(0,5,6,7,9)-8(0,5,6,7,9)-1(0)-3(1)
#21: 2-7(2)-0(2,7)-9(0,2,7)-5(0,7,9)-6(0,5,7,9)-4(0,5,6,7,9)-8(0,5,6,7,9)-1(0)-3(1)
#22: 2-9(2)-0(2,9)-7(0,2,9)-5(0,7,9)-6(0,5,7,9)-4(0,5,6,7,9)-8(0,5,6,7,9)-1(0)-3(1)
#23: 1-0(1)-7(0)-9(0,7)-5(0,7,9)-6(0,5,7,9)-4(0,5,6,7,9)-8(0,5,6,7,9)-2(0,7,9)-3(1)
#24: 3-1(3)-0(1)-7(0)-9(0,7)-5(0,7,9)-6(0,5,7,9)-4(0,5,6,7,9)-8(0,5,6,7,9)-2(0,7,9)

Preprocessing: 5.511ms
--------- Incremental Matching --------
auto_tuning off:0
use 32 threads for incresemental matching 
Incremental Matching: 2449.35ms
0 vertex updates.
7338350 edge updates.
0 unsafe updates.
0 positive matches.
0 negative matches.

# edges in index in total: 0
# vertices in index in total: 0
Peak Virtual Memory: 5458076 KB

----------------- End -----------------
----------- Loading graphs ------------
Failed to open: /home/cc/haibin2/livejournal/random_walk/10_self/dense/Q_15
----------- Loading graphs ------------
Failed to open: /home/cc/haibin2/livejournal/random_walk/10_self/dense/Q_16
----------- Loading graphs ------------
# vertices = 10
# edges = 42
# vertices = 3072627
# edges = 110153979
Load Graphs: 55786.8ms
------------ Preprocessing ------------
matching order: 
-vertex(backward neighbors)-
#0: 1-5(1)-6(1,5)-9(1,5,6)-0(1,5,6,9)-3(0,1,5,6,9)-4(0,1,3,5,6,9)-2(1,3,4,5,6,9)-7(0,1,2,4,5,6,9)-8(0,1,2,3,5,6,7,9)
#1: 6-1(6)-5(1,6)-9(1,5,6)-0(1,5,6,9)-3(0,1,5,6,9)-4(0,1,3,5,6,9)-2(1,3,4,5,6,9)-7(0,1,2,4,5,6,9)-8(0,1,2,3,5,6,7,9)
#2: 6-5(6)-1(5,6)-9(1,5,6)-0(1,5,6,9)-3(0,1,5,6,9)-4(0,1,3,5,6,9)-2(1,3,4,5,6,9)-7(0,1,2,4,5,6,9)-8(0,1,2,3,5,6,7,9)
#3: 9-1(9)-5(1,9)-6(1,5,9)-0(1,5,6,9)-3(0,1,5,6,9)-4(0,1,3,5,6,9)-2(1,3,4,5,6,9)-7(0,1,2,4,5,6,9)-8(0,1,2,3,5,6,7,9)
#4: 9-5(9)-1(5,9)-6(1,5,9)-0(1,5,6,9)-3(0,1,5,6,9)-4(0,1,3,5,6,9)-2(1,3,4,5,6,9)-7(0,1,2,4,5,6,9)-8(0,1,2,3,5,6,7,9)
#5: 9-6(9)-1(6,9)-5(1,6,9)-0(1,5,6,9)-3(0,1,5,6,9)-4(0,1,3,5,6,9)-2(1,3,4,5,6,9)-7(0,1,2,4,5,6,9)-8(0,1,2,3,5,6,7,9)
#6: 0-1(0)-5(0,1)-6(0,1,5)-9(0,1,5,6)-3(0,1,5,6,9)-4(0,1,3,5,6,9)-2(1,3,4,5,6,9)-7(0,1,2,4,5,6,9)-8(0,1,2,3,5,6,7,9)
#7: 0-5(0)-1(0,5)-6(0,1,5)-9(0,1,5,6)-3(0,1,5,6,9)-4(0,1,3,5,6,9)-2(1,3,4,5,6,9)-7(0,1,2,4,5,6,9)-8(0,1,2,3,5,6,7,9)
#8: 0-6(0)-1(0,6)-5(0,1,6)-9(0,1,5,6)-3(0,1,5,6,9)-4(0,1,3,5,6,9)-2(1,3,4,5,6,9)-7(0,1,2,4,5,6,9)-8(0,1,2,3,5,6,7,9)
#9: 0-9(0)-1(0,9)-5(0,1,9)-6(0,1,5,9)-3(0,1,5,6,9)-4(0,1,3,5,6,9)-2(1,3,4,5,6,9)-7(0,1,2,4,5,6,9)-8(0,1,2,3,5,6,7,9)
#10: 3-0(3)-1(0,3)-5(0,1,3)-6(0,1,3,5)-9(0,1,3,5,6)-4(0,1,3,5,6,9)-2(1,3,4,5,6,9)-7(0,1,2,4,5,6,9)-8(0,1,2,3,5,6,7,9)
#11: 3-1(3)-5(1,3)-6(1,3,5)-9(1,3,5,6)-0(1,3,5,6,9)-4(0,1,3,5,6,9)-2(1,3,4,5,6,9)-7(0,1,2,4,5,6,9)-8(0,1,2,3,5,6,7,9)
#12: 3-5(3)-1(3,5)-6(1,3,5)-9(1,3,5,6)-0(1,3,5,6,9)-4(0,1,3,5,6,9)-2(1,3,4,5,6,9)-7(0,1,2,4,5,6,9)-8(0,1,2,3,5,6,7,9)
#13: 3-6(3)-1(3,6)-5(1,3,6)-9(1,3,5,6)-0(1,3,5,6,9)-4(0,1,3,5,6,9)-2(1,3,4,5,6,9)-7(0,1,2,4,5,6,9)-8(0,1,2,3,5,6,7,9)
#14: 3-9(3)-1(3,9)-5(1,3,9)-6(1,3,5,9)-0(1,3,5,6,9)-4(0,1,3,5,6,9)-2(1,3,4,5,6,9)-7(0,1,2,4,5,6,9)-8(0,1,2,3,5,6,7,9)
#15: 4-0(4)-1(0,4)-5(0,1,4)-6(0,1,4,5)-9(0,1,4,5,6)-3(0,1,4,5,6,9)-2(1,3,4,5,6,9)-7(0,1,2,4,5,6,9)-8(0,1,2,3,5,6,7,9)
#16: 4-1(4)-5(1,4)-6(1,4,5)-9(1,4,5,6)-0(1,4,5,6,9)-3(0,1,4,5,6,9)-2(1,3,4,5,6,9)-7(0,1,2,4,5,6,9)-8(0,1,2,3,5,6,7,9)
#17: 4-3(4)-1(3,4)-5(1,3,4)-6(1,3,4,5)-9(1,3,4,5,6)-0(1,3,4,5,6,9)-2(1,3,4,5,6,9)-7(0,1,2,4,5,6,9)-8(0,1,2,3,5,6,7,9)
#18: 4-5(4)-1(4,5)-6(1,4,5)-9(1,4,5,6)-0(1,4,5,6,9)-3(0,1,4,5,6,9)-2(1,3,4,5,6,9)-7(0,1,2,4,5,6,9)-8(0,1,2,3,5,6,7,9)
#19: 4-6(4)-1(4,6)-5(1,4,6)-9(1,4,5,6)-0(1,4,5,6,9)-3(0,1,4,5,6,9)-2(1,3,4,5,6,9)-7(0,1,2,4,5,6,9)-8(0,1,2,3,5,6,7,9)
#20: 4-9(4)-1(4,9)-5(1,4,9)-6(1,4,5,9)-0(1,4,5,6,9)-3(0,1,4,5,6,9)-2(1,3,4,5,6,9)-7(0,1,2,4,5,6,9)-8(0,1,2,3,5,6,7,9)
#21: 2-1(2)-5(1,2)-6(1,2,5)-9(1,2,5,6)-3(1,2,5,6,9)-4(1,2,3,5,6,9)-0(1,3,4,5,6,9)-7(0,1,2,4,5,6,9)-8(0,1,2,3,5,6,7,9)
#22: 2-3(2)-1(2,3)-5(1,2,3)-6(1,2,3,5)-9(1,2,3,5,6)-4(1,2,3,5,6,9)-0(1,3,4,5,6,9)-7(0,1,2,4,5,6,9)-8(0,1,2,3,5,6,7,9)
#23: 2-4(2)-1(2,4)-5(1,2,4)-6(1,2,4,5)-9(1,2,4,5,6)-3(1,2,4,5,6,9)-0(1,3,4,5,6,9)-7(0,1,2,4,5,6,9)-8(0,1,2,3,5,6,7,9)
#24: 2-5(2)-1(2,5)-6(1,2,5)-9(1,2,5,6)-3(1,2,5,6,9)-4(1,2,3,5,6,9)-0(1,3,4,5,6,9)-7(0,1,2,4,5,6,9)-8(0,1,2,3,5,6,7,9)
#25: 2-6(2)-1(2,6)-5(1,2,6)-9(1,2,5,6)-3(1,2,5,6,9)-4(1,2,3,5,6,9)-0(1,3,4,5,6,9)-7(0,1,2,4,5,6,9)-8(0,1,2,3,5,6,7,9)
#26: 2-9(2)-1(2,9)-5(1,2,9)-6(1,2,5,9)-3(1,2,5,6,9)-4(1,2,3,5,6,9)-0(1,3,4,5,6,9)-7(0,1,2,4,5,6,9)-8(0,1,2,3,5,6,7,9)
#27: 7-0(7)-1(0,7)-5(0,1,7)-6(0,1,5,7)-9(0,1,5,6,7)-4(0,1,5,6,7,9)-2(1,4,5,6,7,9)-3(0,1,2,4,5,6,9)-8(0,1,2,3,5,6,7,9)
#28: 7-1(7)-5(1,7)-6(1,5,7)-9(1,5,6,7)-0(1,5,6,7,9)-4(0,1,5,6,7,9)-2(1,4,5,6,7,9)-3(0,1,2,4,5,6,9)-8(0,1,2,3,5,6,7,9)
#29: 7-2(7)-1(2,7)-5(1,2,7)-6(1,2,5,7)-9(1,2,5,6,7)-4(1,2,5,6,7,9)-0(1,4,5,6,7,9)-3(0,1,2,4,5,6,9)-8(0,1,2,3,5,6,7,9)
#30: 7-4(7)-1(4,7)-5(1,4,7)-6(1,4,5,7)-9(1,4,5,6,7)-0(1,4,5,6,7,9)-2(1,4,5,6,7,9)-3(0,1,2,4,5,6,9)-8(0,1,2,3,5,6,7,9)
#31: 7-5(7)-1(5,7)-6(1,5,7)-9(1,5,6,7)-0(1,5,6,7,9)-4(0,1,5,6,7,9)-2(1,4,5,6,7,9)-3(0,1,2,4,5,6,9)-8(0,1,2,3,5,6,7,9)
#32: 7-6(7)-1(6,7)-5(1,6,7)-9(1,5,6,7)-0(1,5,6,7,9)-4(0,1,5,6,7,9)-2(1,4,5,6,7,9)-3(0,1,2,4,5,6,9)-8(0,1,2,3,5,6,7,9)
#33: 7-9(7)-1(7,9)-5(1,7,9)-6(1,5,7,9)-0(1,5,6,7,9)-4(0,1,5,6,7,9)-2(1,4,5,6,7,9)-3(0,1,2,4,5,6,9)-8(0,1,2,3,5,6,7,9)
#34: 8-0(8)-1(0,8)-5(0,1,8)-6(0,1,5,8)-9(0,1,5,6,8)-3(0,1,5,6,8,9)-2(1,3,5,6,8,9)-4(0,1,2,3,5,6,9)-7(0,1,2,4,5,6,8,9)
#35: 8-1(8)-5(1,8)-6(1,5,8)-9(1,5,6,8)-0(1,5,6,8,9)-3(0,1,5,6,8,9)-2(1,3,5,6,8,9)-4(0,1,2,3,5,6,9)-7(0,1,2,4,5,6,8,9)
#36: 8-2(8)-1(2,8)-5(1,2,8)-6(1,2,5,8)-9(1,2,5,6,8)-3(1,2,5,6,8,9)-0(1,3,5,6,8,9)-4(0,1,2,3,5,6,9)-7(0,1,2,4,5,6,8,9)
#37: 8-3(8)-1(3,8)-5(1,3,8)-6(1,3,5,8)-9(1,3,5,6,8)-0(1,3,5,6,8,9)-2(1,3,5,6,8,9)-4(0,1,2,3,5,6,9)-7(0,1,2,4,5,6,8,9)
#38: 8-5(8)-1(5,8)-6(1,5,8)-9(1,5,6,8)-0(1,5,6,8,9)-3(0,1,5,6,8,9)-2(1,3,5,6,8,9)-4(0,1,2,3,5,6,9)-7(0,1,2,4,5,6,8,9)
#39: 8-6(8)-1(6,8)-5(1,6,8)-9(1,5,6,8)-0(1,5,6,8,9)-3(0,1,5,6,8,9)-2(1,3,5,6,8,9)-4(0,1,2,3,5,6,9)-7(0,1,2,4,5,6,8,9)
#40: 8-7(8)-1(7,8)-5(1,7,8)-6(1,5,7,8)-9(1,5,6,7,8)-0(1,5,6,7,8,9)-2(1,5,6,7,8,9)-3(0,1,2,5,6,8,9)-4(0,1,2,3,5,6,7,9)
#41: 8-9(8)-1(8,9)-5(1,8,9)-6(1,5,8,9)-0(1,5,6,8,9)-3(0,1,5,6,8,9)-2(1,3,5,6,8,9)-4(0,1,2,3,5,6,9)-7(0,1,2,4,5,6,8,9)

Preprocessing: 5.875ms
--------- Incremental Matching --------
auto_tuning off:0
use 32 threads for incresemental matching 
Incremental Matching: 3473.11ms
0 vertex updates.
7338359 edge updates.
0 unsafe updates.
0 positive matches.
0 negative matches.

# edges in index in total: 0
# vertices in index in total: 0
Peak Virtual Memory: 5574864 KB

----------------- End -----------------
----------- Loading graphs ------------
Failed to open: /home/cc/haibin2/livejournal/random_walk/10_self/dense/Q_18
----------- Loading graphs ------------
Failed to open: /home/cc/haibin2/livejournal/random_walk/10_self/dense/Q_19
----------- Loading graphs ------------
# vertices = 10
# edges = 17
# vertices = 3072627
# edges = 110153979
Load Graphs: 55114.2ms
------------ Preprocessing ------------
matching order: 
-vertex(backward neighbors)-
#0: 0-1(0)-3(0,1)-4(0,1,3)-8(1,3,4)-5(0)-6(5)-2(5,6)-7(2,5,6)-9(6)
#1: 3-0(3)-1(0,3)-4(0,1,3)-8(1,3,4)-5(0)-6(5)-2(5,6)-7(2,5,6)-9(6)
#2: 3-1(3)-0(1,3)-4(0,1,3)-8(1,3,4)-5(0)-6(5)-2(5,6)-7(2,5,6)-9(6)
#3: 4-0(4)-1(0,4)-3(0,1,4)-8(1,3,4)-5(0)-6(5)-2(5,6)-7(2,5,6)-9(6)
#4: 4-1(4)-0(1,4)-3(0,1,4)-8(1,3,4)-5(0)-6(5)-2(5,6)-7(2,5,6)-9(6)
#5: 4-3(4)-0(3,4)-1(0,3,4)-8(1,3,4)-5(0)-6(5)-2(5,6)-7(2,5,6)-9(6)
#6: 8-1(8)-3(1,8)-4(1,3,8)-0(1,3,4)-5(0)-6(5)-2(5,6)-7(2,5,6)-9(6)
#7: 8-3(8)-1(3,8)-4(1,3,8)-0(1,3,4)-5(0)-6(5)-2(5,6)-7(2,5,6)-9(6)
#8: 8-4(8)-1(4,8)-3(1,4,8)-0(1,3,4)-5(0)-6(5)-2(5,6)-7(2,5,6)-9(6)
#9: 5-0(5)-1(0)-3(0,1)-4(0,1,3)-8(1,3,4)-6(5)-2(5,6)-7(2,5,6)-9(6)
#10: 6-5(6)-2(5,6)-7(2,5,6)-0(5)-1(0)-3(0,1)-4(0,1,3)-8(1,3,4)-9(6)
#11: 2-5(2)-6(2,5)-7(2,5,6)-0(5)-1(0)-3(0,1)-4(0,1,3)-8(1,3,4)-9(6)
#12: 2-6(2)-5(2,6)-7(2,5,6)-0(5)-1(0)-3(0,1)-4(0,1,3)-8(1,3,4)-9(6)
#13: 7-2(7)-5(2,7)-6(2,5,7)-0(5)-1(0)-3(0,1)-4(0,1,3)-8(1,3,4)-9(6)
#14: 7-5(7)-6(5,7)-2(5,6,7)-0(5)-1(0)-3(0,1)-4(0,1,3)-8(1,3,4)-9(6)
#15: 7-6(7)-5(6,7)-2(5,6,7)-0(5)-1(0)-3(0,1)-4(0,1,3)-8(1,3,4)-9(6)
#16: 9-6(9)-5(6)-2(5,6)-7(2,5,6)-0(5)-1(0)-3(0,1)-4(0,1,3)-8(1,3,4)

Preprocessing: 5.464ms
--------- Incremental Matching --------
auto_tuning off:0
use 32 threads for incresemental matching 
Incremental Matching: 1656.43ms
0 vertex updates.
7338353 edge updates.
0 unsafe updates.
0 positive matches.
0 negative matches.

# edges in index in total: 0
# vertices in index in total: 0
Peak Virtual Memory: 3200292 KB

----------------- End -----------------
----------- Loading graphs ------------
Failed to open: /home/cc/haibin2/livejournal/random_walk/10_self/dense/Q_21
----------- Loading graphs ------------
Failed to open: /home/cc/haibin2/livejournal/random_walk/10_self/dense/Q_22
----------- Loading graphs ------------
Failed to open: /home/cc/haibin2/livejournal/random_walk/10_self/dense/Q_23
----------- Loading graphs ------------
Failed to open: /home/cc/haibin2/livejournal/random_walk/10_self/dense/Q_24
----------- Loading graphs ------------
Failed to open: /home/cc/haibin2/livejournal/random_walk/10_self/dense/Q_25
----------- Loading graphs ------------
Failed to open: /home/cc/haibin2/livejournal/random_walk/10_self/dense/Q_26
----------- Loading graphs ------------
Failed to open: /home/cc/haibin2/livejournal/random_walk/10_self/dense/Q_27
----------- Loading graphs ------------
Failed to open: /home/cc/haibin2/livejournal/random_walk/10_self/dense/Q_28
----------- Loading graphs ------------
# vertices = 10
# edges = 19
# vertices = 3072627
# edges = 110153979
Load Graphs: 54653.4ms
------------ Preprocessing ------------
matching order: 
-vertex(backward neighbors)-
#0: 1-3(1)-2(1,3)-4(1,2,3)-5(1,2,3)-0(2,3,4)-6(1,3,5)-8(1,3)-7(1)-9(2)
#1: 2-1(2)-3(1,2)-4(1,2,3)-5(1,2,3)-0(2,3,4)-6(1,3,5)-8(1,3)-7(1)-9(2)
#2: 2-3(2)-1(2,3)-4(1,2,3)-5(1,2,3)-0(2,3,4)-6(1,3,5)-8(1,3)-7(1)-9(2)
#3: 4-1(4)-3(1,4)-2(1,3,4)-5(1,2,3)-0(2,3,4)-6(1,3,5)-8(1,3)-7(1)-9(2)
#4: 4-2(4)-1(2,4)-3(1,2,4)-5(1,2,3)-0(2,3,4)-6(1,3,5)-8(1,3)-7(1)-9(2)
#5: 4-3(4)-1(3,4)-2(1,3,4)-5(1,2,3)-0(2,3,4)-6(1,3,5)-8(1,3)-7(1)-9(2)
#6: 5-1(5)-3(1,5)-2(1,3,5)-4(1,2,3)-0(2,3,4)-6(1,3,5)-8(1,3)-7(1)-9(2)
#7: 5-2(5)-1(2,5)-3(1,2,5)-4(1,2,3)-0(2,3,4)-6(1,3,5)-8(1,3)-7(1)-9(2)
#8: 5-3(5)-1(3,5)-2(1,3,5)-4(1,2,3)-0(2,3,4)-6(1,3,5)-8(1,3)-7(1)-9(2)
#9: 0-2(0)-3(0,2)-4(0,2,3)-1(2,3,4)-5(1,2,3)-6(1,3,5)-8(1,3)-7(1)-9(2)
#10: 0-3(0)-2(0,3)-4(0,2,3)-1(2,3,4)-5(1,2,3)-6(1,3,5)-8(1,3)-7(1)-9(2)
#11: 0-4(0)-3(0,4)-2(0,3,4)-1(2,3,4)-5(1,2,3)-6(1,3,5)-8(1,3)-7(1)-9(2)
#12: 6-1(6)-3(1,6)-5(1,3,6)-2(1,3,5)-4(1,2,3)-0(2,3,4)-8(1,3)-7(1)-9(2)
#13: 6-3(6)-1(3,6)-5(1,3,6)-2(1,3,5)-4(1,2,3)-0(2,3,4)-8(1,3)-7(1)-9(2)
#14: 6-5(6)-1(5,6)-3(1,5,6)-2(1,3,5)-4(1,2,3)-0(2,3,4)-8(1,3)-7(1)-9(2)
#15: 8-1(8)-3(1,8)-2(1,3)-4(1,2,3)-5(1,2,3)-0(2,3,4)-6(1,3,5)-7(1)-9(2)
#16: 8-3(8)-1(3,8)-2(1,3)-4(1,2,3)-5(1,2,3)-0(2,3,4)-6(1,3,5)-7(1)-9(2)
#17: 7-1(7)-3(1)-2(1,3)-4(1,2,3)-5(1,2,3)-0(2,3,4)-6(1,3,5)-8(1,3)-9(2)
#18: 9-2(9)-1(2)-3(1,2)-4(1,2,3)-5(1,2,3)-0(2,3,4)-6(1,3,5)-8(1,3)-7(1)

Preprocessing: 5.322ms
--------- Incremental Matching --------
auto_tuning off:0
use 32 threads for incresemental matching 
Incremental Matching: 1748.98ms
0 vertex updates.
7338360 edge updates.
0 unsafe updates.
0 positive matches.
0 negative matches.

# edges in index in total: 0
# vertices in index in total: 0
Peak Virtual Memory: 5452096 KB

----------------- End -----------------
----------- Loading graphs ------------
Failed to open: /home/cc/haibin2/livejournal/random_walk/10_self/dense/Q_30
----------- Loading graphs ------------
# vertices = 10
# edges = 18
# vertices = 3072627
# edges = 110153979
Load Graphs: 51597ms
------------ Preprocessing ------------
matching order: 
-vertex(backward neighbors)-
#0: 2-5(2)-7(2,5)-8(2,5,7)-6(2,5,7,8)-9(2,5,7,8)-0(2)-4(0)-1(4)-3(1)
#1: 7-2(7)-5(2,7)-8(2,5,7)-6(2,5,7,8)-9(2,5,7,8)-0(2)-4(0)-1(4)-3(1)
#2: 7-5(7)-2(5,7)-8(2,5,7)-6(2,5,7,8)-9(2,5,7,8)-0(2)-4(0)-1(4)-3(1)
#3: 8-2(8)-5(2,8)-7(2,5,8)-6(2,5,7,8)-9(2,5,7,8)-0(2)-4(0)-1(4)-3(1)
#4: 8-5(8)-2(5,8)-7(2,5,8)-6(2,5,7,8)-9(2,5,7,8)-0(2)-4(0)-1(4)-3(1)
#5: 8-7(8)-2(7,8)-5(2,7,8)-6(2,5,7,8)-9(2,5,7,8)-0(2)-4(0)-1(4)-3(1)
#6: 6-2(6)-5(2,6)-7(2,5,6)-8(2,5,6,7)-9(2,5,7,8)-0(2)-4(0)-1(4)-3(1)
#7: 6-5(6)-2(5,6)-7(2,5,6)-8(2,5,6,7)-9(2,5,7,8)-0(2)-4(0)-1(4)-3(1)
#8: 6-7(6)-2(6,7)-5(2,6,7)-8(2,5,6,7)-9(2,5,7,8)-0(2)-4(0)-1(4)-3(1)
#9: 6-8(6)-2(6,8)-5(2,6,8)-7(2,5,6,8)-9(2,5,7,8)-0(2)-4(0)-1(4)-3(1)
#10: 9-2(9)-5(2,9)-7(2,5,9)-8(2,5,7,9)-6(2,5,7,8)-0(2)-4(0)-1(4)-3(1)
#11: 9-5(9)-2(5,9)-7(2,5,9)-8(2,5,7,9)-6(2,5,7,8)-0(2)-4(0)-1(4)-3(1)
#12: 9-7(9)-2(7,9)-5(2,7,9)-8(2,5,7,9)-6(2,5,7,8)-0(2)-4(0)-1(4)-3(1)
#13: 9-8(9)-2(8,9)-5(2,8,9)-7(2,5,8,9)-6(2,5,7,8)-0(2)-4(0)-1(4)-3(1)
#14: 0-2(0)-5(2)-7(2,5)-8(2,5,7)-6(2,5,7,8)-9(2,5,7,8)-4(0)-1(4)-3(1)
#15: 4-0(4)-2(0)-5(2)-7(2,5)-8(2,5,7)-6(2,5,7,8)-9(2,5,7,8)-1(4)-3(1)
#16: 1-4(1)-0(4)-2(0)-5(2)-7(2,5)-8(2,5,7)-6(2,5,7,8)-9(2,5,7,8)-3(1)
#17: 3-1(3)-4(1)-0(4)-2(0)-5(2)-7(2,5)-8(2,5,7)-6(2,5,7,8)-9(2,5,7,8)

Preprocessing: 5.272ms
--------- Incremental Matching --------
auto_tuning off:0
use 32 threads for incresemental matching 
Incremental Matching: 1807.41ms
0 vertex updates.
7338348 edge updates.
0 unsafe updates.
0 positive matches.
0 negative matches.

# edges in index in total: 0
# vertices in index in total: 0
Peak Virtual Memory: 5519084 KB

----------------- End -----------------
----------- Loading graphs ------------
Failed to open: /home/cc/haibin2/livejournal/random_walk/10_self/dense/Q_32
----------- Loading graphs ------------
Failed to open: /home/cc/haibin2/livejournal/random_walk/10_self/dense/Q_33
----------- Loading graphs ------------
Failed to open: /home/cc/haibin2/livejournal/random_walk/10_self/dense/Q_34
----------- Loading graphs ------------
Failed to open: /home/cc/haibin2/livejournal/random_walk/10_self/dense/Q_35
----------- Loading graphs ------------
Failed to open: /home/cc/haibin2/livejournal/random_walk/10_self/dense/Q_36
----------- Loading graphs ------------
Failed to open: /home/cc/haibin2/livejournal/random_walk/10_self/dense/Q_37
----------- Loading graphs ------------
Failed to open: /home/cc/haibin2/livejournal/random_walk/10_self/dense/Q_38
----------- Loading graphs ------------
# vertices = 10
# edges = 32
# vertices = 3072627
# edges = 110153979
Load Graphs: 51401.7ms
------------ Preprocessing ------------
matching order: 
-vertex(backward neighbors)-
#0: 8-0(8)-6(0,8)-7(0,6,8)-2(0,6,7,8)-4(0,6,7,8)-1(0,2,4,7,8)-3(2,4,6,8)-5(0,3,6,7,8)-9(0,6,7,8)
#1: 6-0(6)-8(0,6)-7(0,6,8)-2(0,6,7,8)-4(0,6,7,8)-1(0,2,4,7,8)-3(2,4,6,8)-5(0,3,6,7,8)-9(0,6,7,8)
#2: 6-8(6)-0(6,8)-7(0,6,8)-2(0,6,7,8)-4(0,6,7,8)-1(0,2,4,7,8)-3(2,4,6,8)-5(0,3,6,7,8)-9(0,6,7,8)
#3: 7-0(7)-8(0,7)-6(0,7,8)-2(0,6,7,8)-4(0,6,7,8)-1(0,2,4,7,8)-3(2,4,6,8)-5(0,3,6,7,8)-9(0,6,7,8)
#4: 7-6(7)-8(6,7)-0(6,7,8)-2(0,6,7,8)-4(0,6,7,8)-1(0,2,4,7,8)-3(2,4,6,8)-5(0,3,6,7,8)-9(0,6,7,8)
#5: 7-8(7)-0(7,8)-6(0,7,8)-2(0,6,7,8)-4(0,6,7,8)-1(0,2,4,7,8)-3(2,4,6,8)-5(0,3,6,7,8)-9(0,6,7,8)
#6: 2-0(2)-8(0,2)-6(0,2,8)-7(0,2,6,8)-4(0,6,7,8)-1(0,2,4,7,8)-3(2,4,6,8)-5(0,3,6,7,8)-9(0,6,7,8)
#7: 2-6(2)-8(2,6)-0(2,6,8)-7(0,2,6,8)-4(0,6,7,8)-1(0,2,4,7,8)-3(2,4,6,8)-5(0,3,6,7,8)-9(0,6,7,8)
#8: 2-7(2)-8(2,7)-0(2,7,8)-6(0,2,7,8)-4(0,6,7,8)-1(0,2,4,7,8)-3(2,4,6,8)-5(0,3,6,7,8)-9(0,6,7,8)
#9: 2-8(2)-0(2,8)-6(0,2,8)-7(0,2,6,8)-4(0,6,7,8)-1(0,2,4,7,8)-3(2,4,6,8)-5(0,3,6,7,8)-9(0,6,7,8)
#10: 4-0(4)-8(0,4)-6(0,4,8)-7(0,4,6,8)-2(0,6,7,8)-1(0,2,4,7,8)-3(2,4,6,8)-5(0,3,6,7,8)-9(0,6,7,8)
#11: 4-6(4)-8(4,6)-0(4,6,8)-7(0,4,6,8)-2(0,6,7,8)-1(0,2,4,7,8)-3(2,4,6,8)-5(0,3,6,7,8)-9(0,6,7,8)
#12: 4-7(4)-8(4,7)-0(4,7,8)-6(0,4,7,8)-2(0,6,7,8)-1(0,2,4,7,8)-3(2,4,6,8)-5(0,3,6,7,8)-9(0,6,7,8)
#13: 4-8(4)-0(4,8)-6(0,4,8)-7(0,4,6,8)-2(0,6,7,8)-1(0,2,4,7,8)-3(2,4,6,8)-5(0,3,6,7,8)-9(0,6,7,8)
#14: 1-0(1)-8(0,1)-7(0,1,8)-2(0,1,7,8)-6(0,2,7,8)-4(0,1,6,7,8)-3(2,4,6,8)-5(0,3,6,7,8)-9(0,6,7,8)
#15: 1-2(1)-8(1,2)-0(1,2,8)-7(0,1,2,8)-6(0,2,7,8)-4(0,1,6,7,8)-3(2,4,6,8)-5(0,3,6,7,8)-9(0,6,7,8)
#16: 1-4(1)-8(1,4)-0(1,4,8)-7(0,1,4,8)-6(0,4,7,8)-2(0,1,6,7,8)-3(2,4,6,8)-5(0,3,6,7,8)-9(0,6,7,8)
#17: 1-7(1)-8(1,7)-0(1,7,8)-2(0,1,7,8)-6(0,2,7,8)-4(0,1,6,7,8)-3(2,4,6,8)-5(0,3,6,7,8)-9(0,6,7,8)
#18: 1-8(1)-0(1,8)-7(0,1,8)-2(0,1,7,8)-6(0,2,7,8)-4(0,1,6,7,8)-3(2,4,6,8)-5(0,3,6,7,8)-9(0,6,7,8)
#19: 3-2(3)-8(2,3)-6(2,3,8)-0(2,6,8)-7(0,2,6,8)-4(0,3,6,7,8)-1(0,2,4,7,8)-5(0,3,6,7,8)-9(0,6,7,8)
#20: 3-4(3)-8(3,4)-6(3,4,8)-0(4,6,8)-7(0,4,6,8)-2(0,3,6,7,8)-1(0,2,4,7,8)-5(0,3,6,7,8)-9(0,6,7,8)
#21: 3-6(3)-8(3,6)-2(3,6,8)-0(2,6,8)-7(0,2,6,8)-4(0,3,6,7,8)-1(0,2,4,7,8)-5(0,3,6,7,8)-9(0,6,7,8)
#22: 3-8(3)-6(3,8)-2(3,6,8)-0(2,6,8)-7(0,2,6,8)-4(0,3,6,7,8)-1(0,2,4,7,8)-5(0,3,6,7,8)-9(0,6,7,8)
#23: 5-0(5)-8(0,5)-6(0,5,8)-7(0,5,6,8)-2(0,6,7,8)-4(0,6,7,8)-1(0,2,4,7,8)-3(2,4,5,6,8)-9(0,6,7,8)
#24: 5-3(5)-8(3,5)-6(3,5,8)-0(5,6,8)-7(0,5,6,8)-2(0,3,6,7,8)-4(0,3,6,7,8)-1(0,2,4,7,8)-9(0,6,7,8)
#25: 5-6(5)-8(5,6)-0(5,6,8)-7(0,5,6,8)-2(0,6,7,8)-4(0,6,7,8)-1(0,2,4,7,8)-3(2,4,5,6,8)-9(0,6,7,8)
#26: 5-7(5)-8(5,7)-0(5,7,8)-6(0,5,7,8)-2(0,6,7,8)-4(0,6,7,8)-1(0,2,4,7,8)-3(2,4,5,6,8)-9(0,6,7,8)
#27: 5-8(5)-0(5,8)-6(0,5,8)-7(0,5,6,8)-2(0,6,7,8)-4(0,6,7,8)-1(0,2,4,7,8)-3(2,4,5,6,8)-9(0,6,7,8)
#28: 9-0(9)-8(0,9)-6(0,8,9)-7(0,6,8,9)-2(0,6,7,8)-4(0,6,7,8)-1(0,2,4,7,8)-3(2,4,6,8)-5(0,3,6,7,8)
#29: 9-6(9)-8(6,9)-0(6,8,9)-7(0,6,8,9)-2(0,6,7,8)-4(0,6,7,8)-1(0,2,4,7,8)-3(2,4,6,8)-5(0,3,6,7,8)
#30: 9-7(9)-8(7,9)-0(7,8,9)-6(0,7,8,9)-2(0,6,7,8)-4(0,6,7,8)-1(0,2,4,7,8)-3(2,4,6,8)-5(0,3,6,7,8)
#31: 9-8(9)-0(8,9)-6(0,8,9)-7(0,6,8,9)-2(0,6,7,8)-4(0,6,7,8)-1(0,2,4,7,8)-3(2,4,6,8)-5(0,3,6,7,8)

Preprocessing: 5.372ms
--------- Incremental Matching --------
auto_tuning off:0
use 32 threads for incresemental matching 
Incremental Matching: 2785.77ms
0 vertex updates.
7338350 edge updates.
0 unsafe updates.
0 positive matches.
0 negative matches.

# edges in index in total: 0
# vertices in index in total: 0
Peak Virtual Memory: 5452624 KB

----------------- End -----------------
----------- Loading graphs ------------
Failed to open: /home/cc/haibin2/livejournal/random_walk/10_self/dense/Q_40
----------- Loading graphs ------------
Failed to open: /home/cc/haibin2/livejournal/random_walk/10_self/dense/Q_41
----------- Loading graphs ------------
Failed to open: /home/cc/haibin2/livejournal/random_walk/10_self/dense/Q_42
----------- Loading graphs ------------
Failed to open: /home/cc/haibin2/livejournal/random_walk/10_self/dense/Q_43
----------- Loading graphs ------------
Failed to open: /home/cc/haibin2/livejournal/random_walk/10_self/dense/Q_44
----------- Loading graphs ------------
Failed to open: /home/cc/haibin2/livejournal/random_walk/10_self/dense/Q_45
----------- Loading graphs ------------
Failed to open: /home/cc/haibin2/livejournal/random_walk/10_self/dense/Q_46
----------- Loading graphs ------------
Failed to open: /home/cc/haibin2/livejournal/random_walk/10_self/dense/Q_47
----------- Loading graphs ------------
Failed to open: /home/cc/haibin2/livejournal/random_walk/10_self/dense/Q_48
----------- Loading graphs ------------
Failed to open: /home/cc/haibin2/livejournal/random_walk/10_self/dense/Q_49
----------- Loading graphs ------------
# vertices = 10
# edges = 27
# vertices = 3072627
# edges = 110153979
Load Graphs: 51708.2ms
------------ Preprocessing ------------
matching order: 
-vertex(backward neighbors)-
#0: 3-4(3)-7(3,4)-1(3,4,7)-2(1,3,4,7)-5(1,3,7)-8(3,4,5,7)-9(3,4,5,7)-6(1,2,4)-0(3,4,6)
#1: 7-3(7)-4(3,7)-1(3,4,7)-2(1,3,4,7)-5(1,3,7)-8(3,4,5,7)-9(3,4,5,7)-6(1,2,4)-0(3,4,6)
#2: 7-4(7)-3(4,7)-1(3,4,7)-2(1,3,4,7)-5(1,3,7)-8(3,4,5,7)-9(3,4,5,7)-6(1,2,4)-0(3,4,6)
#3: 1-3(1)-4(1,3)-7(1,3,4)-2(1,3,4,7)-5(1,3,7)-8(3,4,5,7)-9(3,4,5,7)-6(1,2,4)-0(3,4,6)
#4: 1-4(1)-3(1,4)-7(1,3,4)-2(1,3,4,7)-5(1,3,7)-8(3,4,5,7)-9(3,4,5,7)-6(1,2,4)-0(3,4,6)
#5: 1-7(1)-3(1,7)-4(1,3,7)-2(1,3,4,7)-5(1,3,7)-8(3,4,5,7)-9(3,4,5,7)-6(1,2,4)-0(3,4,6)
#6: 2-1(2)-3(1,2)-4(1,2,3)-7(1,2,3,4)-5(1,3,7)-8(3,4,5,7)-9(3,4,5,7)-6(1,2,4)-0(3,4,6)
#7: 2-3(2)-4(2,3)-7(2,3,4)-1(2,3,4,7)-5(1,3,7)-8(3,4,5,7)-9(3,4,5,7)-6(1,2,4)-0(3,4,6)
#8: 2-4(2)-3(2,4)-7(2,3,4)-1(2,3,4,7)-5(1,3,7)-8(3,4,5,7)-9(3,4,5,7)-6(1,2,4)-0(3,4,6)
#9: 2-7(2)-3(2,7)-4(2,3,7)-1(2,3,4,7)-5(1,3,7)-8(3,4,5,7)-9(3,4,5,7)-6(1,2,4)-0(3,4,6)
#10: 5-1(5)-3(1,5)-7(1,3,5)-4(1,3,7)-2(1,3,4,7)-8(3,4,5,7)-9(3,4,5,7)-6(1,2,4)-0(3,4,6)
#11: 5-3(5)-7(3,5)-1(3,5,7)-4(1,3,7)-2(1,3,4,7)-8(3,4,5,7)-9(3,4,5,7)-6(1,2,4)-0(3,4,6)
#12: 5-7(5)-3(5,7)-1(3,5,7)-4(1,3,7)-2(1,3,4,7)-8(3,4,5,7)-9(3,4,5,7)-6(1,2,4)-0(3,4,6)
#13: 8-3(8)-4(3,8)-7(3,4,8)-1(3,4,7)-2(1,3,4,7)-5(1,3,7,8)-9(3,4,5,7)-6(1,2,4)-0(3,4,6)
#14: 8-4(8)-3(4,8)-7(3,4,8)-1(3,4,7)-2(1,3,4,7)-5(1,3,7,8)-9(3,4,5,7)-6(1,2,4)-0(3,4,6)
#15: 8-5(8)-3(5,8)-7(3,5,8)-4(3,7,8)-1(3,4,5,7)-2(1,3,4,7)-9(3,4,5,7)-6(1,2,4)-0(3,4,6)
#16: 8-7(8)-3(7,8)-4(3,7,8)-1(3,4,7)-2(1,3,4,7)-5(1,3,7,8)-9(3,4,5,7)-6(1,2,4)-0(3,4,6)
#17: 9-3(9)-4(3,9)-7(3,4,9)-1(3,4,7)-2(1,3,4,7)-5(1,3,7,9)-8(3,4,5,7)-6(1,2,4)-0(3,4,6)
#18: 9-4(9)-3(4,9)-7(3,4,9)-1(3,4,7)-2(1,3,4,7)-5(1,3,7,9)-8(3,4,5,7)-6(1,2,4)-0(3,4,6)
#19: 9-5(9)-3(5,9)-7(3,5,9)-4(3,7,9)-1(3,4,5,7)-2(1,3,4,7)-8(3,4,5,7)-6(1,2,4)-0(3,4,6)
#20: 9-7(9)-3(7,9)-4(3,7,9)-1(3,4,7)-2(1,3,4,7)-5(1,3,7,9)-8(3,4,5,7)-6(1,2,4)-0(3,4,6)
#21: 6-1(6)-4(1,6)-2(1,4,6)-3(1,2,4)-7(1,2,3,4)-5(1,3,7)-8(3,4,5,7)-9(3,4,5,7)-0(3,4,6)
#22: 6-2(6)-4(2,6)-1(2,4,6)-3(1,2,4)-7(1,2,3,4)-5(1,3,7)-8(3,4,5,7)-9(3,4,5,7)-0(3,4,6)
#23: 6-4(6)-1(4,6)-2(1,4,6)-3(1,2,4)-7(1,2,3,4)-5(1,3,7)-8(3,4,5,7)-9(3,4,5,7)-0(3,4,6)
#24: 0-3(0)-4(0,3)-7(3,4)-1(3,4,7)-2(1,3,4,7)-6(0,1,2,4)-5(1,3,7)-8(3,4,5,7)-9(3,4,5,7)
#25: 0-4(0)-3(0,4)-7(3,4)-1(3,4,7)-2(1,3,4,7)-6(0,1,2,4)-5(1,3,7)-8(3,4,5,7)-9(3,4,5,7)
#26: 0-6(0)-4(0,6)-3(0,4)-1(3,4,6)-2(1,3,4,6)-7(1,2,3,4)-5(1,3,7)-8(3,4,5,7)-9(3,4,5,7)

Preprocessing: 5.331ms
--------- Incremental Matching --------
auto_tuning off:0
use 32 threads for incresemental matching 
Incremental Matching: 2354.24ms
0 vertex updates.
7338362 edge updates.
0 unsafe updates.
0 positive matches.
0 negative matches.

# edges in index in total: 0
# vertices in index in total: 0
Peak Virtual Memory: 5615740 KB

----------------- End -----------------
